
1.00
1.81
2.98
3.83
2.96
5.36
2.73
5.07
6.27
6.90
7.46
7.68
7.05
8.49
9.89
10.59
10.57
8.00
10.27
9.30
10.30
10.21
9.95
10.64
9.64
9.68
9.73
10.63
10.68
11.45
11.12
11.65
12.53
10.93
12.28
12.06
12.38
12.70
13.23
13.59
13.93
16.41
17.52
17.58
18.33
15.31
18.77
16.68
19.36
16.02
19.37
10.29
15.33
19.36
19.28
19.08
19.17
19.14
19.68
18.41
19.28
16.69
19.60
15.29
19.97
19.08
20.35
15.50
20.74
18.33
18.52
20.76
21.10
17.25
21.71
18.99
19.64
21.83
18.78
20.61
20.03
21.71
20.94
17.94
21.47
19.02
18.40
19.45
21.61
21.57
20.60
21.69
23.74
21.82
22.22
23.19
23.16
23.42
22.71
23.96
19.89
22.10
23.23
17.21
23.00
22.95
20.57
20.32
20.73
19.51
22.94
20.87
23.63
23.21
19.58
23.88
22.92
24.56
24.41
22.89
22.76
21.45
23.60
21.62
22.41
21.14
24.55
23.32
23.75
21.03
20.22
24.88
24.37
23.14
22.58
24.09
20.91
24.61
23.40
24.23
21.58
22.44
22.73
24.57
24.53
23.70
24.43
24.77
24.39
25.84
23.43
22.25
23.34
17.92
23.98
25.00
25.00
19.21
26.47
22.40
27.10
19.21
21.70
22.58
25.19
24.36
25.25
22.83
24.72
22.81
26.15
26.66
23.38
24.42
22.24
24.84
22.61
23.16
25.54
25.99
21.19
23.24
23.06
26.65
20.57
23.76
24.24
16.89
26.73
23.07
22.39
25.26
26.16
25.40
26.93
22.41
25.46
26.41
26.05
21.21
25.04
19.84
23.89
27.00
25.85
24.63
26.79
24.17
21.15
26.12
26.40
25.75
25.91
26.06
25.92
27.33
25.10
23.92
23.02
25.79
22.66
26.02
26.44
23.75
24.77
23.47
24.05
26.81
24.64
25.72
22.34
25.51
22.57
25.41
25.22
23.80
25.94
24.25
24.32
23.73
24.04
26.26
20.07
26.46
22.89
27.56
24.56
26.63
23.66
25.05
19.57
27.82
26.43
20.35
27.14
26.39
25.17
28.43
25.60
27.76
24.17
25.09
27.35
23.99
27.02
25.42
26.28
27.40
25.29
25.74
22.74
26.51
23.20
24.36
27.55
26.70
27.79
25.92
26.88
26.57
25.96
29.34
27.86
28.23
26.14
28.13
26.92
29.41
28.19
26.04
27.19
22.60
24.65
25.25
28.98
28.18
26.90
28.94
28.05
21.54
27.07
25.21
27.93
28.25
28.61
26.24
27.40
26.50
27.04
29.83
30.97
29.83
27.28
26.39
28.97
27.70
29.55
29.92
28.20
25.93
25.64
30.73
31.80
28.75
28.22
28.87
28.33
29.30
29.71
29.22
30.45
28.84
30.43
30.56
30.70
28.87
30.00
29.30
30.17
30.51
29.62
29.90
26.23
28.18
26.82
29.62
30.10
30.44
28.29
29.91
25.56
27.24
28.20
27.66
28.56
30.23
22.58
27.51
27.85
27.77
28.30
29.10
25.28
21.35
31.15
29.62
28.19
29.40
27.00
29.64
30.82
27.47
31.42
28.51
30.47
30.79
27.08
30.33
29.57
30.55
31.22
31.56
30.17
29.83
26.30
30.00
27.40
28.15
31.54
28.62
28.10
28.83
25.14
25.16
27.91
28.35
27.08
24.85
30.76
27.50
