
1.04
2.67
4.42
6.35
8.09
9.82
11.93
13.79
15.70
17.31
19.07
21.39
22.83
24.92
25.55
26.45
27.61
29.28
31.26
33.01
34.24
35.19
35.79
36.31
36.95
37.89
39.08
40.27
41.37
42.55
43.54
44.26
44.82
45.45
46.21
46.90
48.03
49.32
50.46
51.24
52.23
53.18
54.27
55.42
56.16
56.96
57.97
58.07
58.98
58.62
60.14
60.55
61.09
61.84
62.60
61.97
63.43
63.78
64.36
64.36
64.49
65.72
65.87
66.08
66.67
66.88
67.37
67.51
67.67
67.87
69.33
69.60
69.09
69.85
68.97
70.49
71.14
71.55
71.60
71.86
72.04
72.84
73.03
73.59
74.05
74.74
74.89
74.89
75.05
75.85
75.55
76.07
75.97
75.97
75.91
76.08
76.12
77.08
77.18
77.91
77.81
77.81
78.11
78.20
78.64
78.51
79.08
79.46
79.65
79.83
78.91
80.20
80.15
80.08
80.22
80.34
80.18
80.15
80.25
80.67
81.75
81.64
81.96
81.72
82.54
82.66
82.82
83.09
83.09
83.07
83.03
82.94
83.44
83.84
83.71
83.83
83.95
83.82
84.29
83.75
84.16
84.47
84.08
84.41
84.21
84.31
84.92
84.82
85.12
84.61
84.71
84.50
84.77
85.21
85.19
84.95
85.24
85.53
85.87
85.94
85.85
86.42
85.93
86.19
86.33
86.35
86.04
86.23
86.69
86.61
86.58
86.64
87.24
87.31
86.79
87.23
87.48
87.54
87.82
87.82
88.13
87.85
88.26
87.90
87.98
88.13
87.69
88.17
88.35
88.60
88.69
88.74
88.51
88.13
88.79
88.67
89.06
88.92
88.63
88.31
89.34
88.93
89.24
89.04
88.90
89.02
89.14
88.98
89.33
89.33
89.19
89.46
88.80
88.84
88.85
88.93
89.30
89.39
89.34
89.59
89.14
89.61
90.00
89.54
89.49
89.80
89.46
89.87
89.72
89.77
89.80
90.13
90.02
89.90
90.04
90.12
90.14
90.32
90.17
90.55
90.43
90.31
90.08
90.20
90.67
90.55
90.96
90.90
90.70
90.75
90.00
90.49
90.94
90.41
90.92
90.66
90.84
90.56
90.87
90.81
91.05
91.18
91.16
90.77
90.86
91.00
90.49
90.86
91.40
91.37
91.40
91.44
91.36
91.65
91.16
91.66
91.66
91.66
91.38
91.67
91.66
91.30
91.71
91.67
91.34
91.89
91.50
91.83
91.65
91.70
91.38
91.78
91.84
91.88
91.51
91.65
91.81
91.69
91.80
91.64
91.84
91.83
91.50
91.69
91.78
91.62
91.60
91.73
91.59
91.84
91.70
91.94
92.08
92.11
91.75
91.90
92.06
91.94
91.73
91.58
92.09
91.65
91.81
91.96
92.01
91.99
91.75
91.83
92.15
91.56
91.93
91.77
91.92
92.06
92.00
92.15
91.54
92.07
91.92
92.19
92.26
92.41
92.63
92.56
92.42
92.53
92.80
92.70
92.79
92.34
92.64
92.75
92.16
92.76
92.80
92.61
92.82
92.28
92.38
92.74
92.70
92.35
92.65
92.74
92.89
92.45
92.50
92.47
92.38
92.59
92.66
92.42
92.46
92.75
92.70
92.94
92.60
92.63
92.59
92.30
92.64
92.39
92.44
92.97
92.71
92.64
92.92
92.85
92.79
92.80
92.61
92.84
92.92
92.79
92.94
92.41
92.83
92.51
92.37
92.54
