0.99
2.53
4.55
6.61
8.15
10.16
12.17
14.27
16.41
18.25
20.46
22.35
24.46
26.17
27.98
29.61
31.37
33.39
35.15
36.55
38.59
40.15
41.68
43.49
44.67
46.28
47.70
49.41
51.19
52.15
54.12
55.09
55.71
57.60
59.37
60.70
62.02
62.84
64.35
65.83
66.72
68.23
68.33
69.96
70.29
71.65
72.01
73.01
74.14
74.36
75.77
75.60
74.72
76.14
76.57
77.30
78.27
78.41
79.44
78.89
78.07
80.12
80.81
81.38
80.43
81.87
82.57
82.90
83.31
83.65
83.95
84.11
85.05
84.96
85.99
86.52
86.92
87.23
86.90
87.38
88.00
88.07
88.39
88.27
88.69
88.64
88.42
89.08
89.37
89.62
89.76
89.89
89.92
90.31
90.20
90.46
90.63
90.89
91.16
91.16
91.48
90.97
90.85
91.22
91.18
91.59
91.58
91.41
92.16
92.09
91.89
92.25
92.34
92.65
93.07
92.94
93.57
93.77
93.61
93.49
93.60
93.52
93.97
93.96
94.08
93.79
94.18
94.14
94.31
94.41
94.34
94.16
93.97
94.09
94.37
94.04
94.29
94.18
94.44
94.40
94.49
94.45
94.17
94.25
94.04
94.52
94.41
94.58
94.54
94.48
94.69
94.88
94.83
94.37
94.70
94.96
94.57
94.95
94.75
94.93
94.69
94.77
95.02
95.34
95.29
95.36
95.59
95.72
95.74
95.87
96.03
95.90
96.08
96.27
96.17
96.18
95.94
96.05
95.96
96.05
95.86
96.10
95.96
96.04
96.32
96.45
96.23
96.36
96.43
96.27
96.26
96.52
96.55
96.32
96.34
96.54
96.57
96.65
96.71
96.59
96.54
96.71
96.68
96.67
96.55
96.55
96.63
96.85
96.85
96.86
97.04
96.97
97.05
97.06
96.96
97.04
96.90
96.99
97.16
97.15
97.17
96.93
97.06
96.82
97.08
97.09
97.02
97.15
97.24
97.04
96.98
97.18
97.08
97.17
97.02
97.16
97.31
97.23
97.21
97.36
97.16
97.21
97.03
97.23
97.17
97.25
97.36
97.20
97.23
97.35
97.32
97.44
97.30
97.22
97.32
97.26
97.26
97.26
97.06
97.29
97.24
97.39
97.09
97.42
97.31
97.25
97.30
97.09
97.37
97.39
97.46
97.45
97.42
97.46
97.45
97.32
97.30
97.44
97.49
97.37
97.41
97.57
97.43
97.44
97.39
97.59
97.49
97.57
97.58
97.59
97.52
97.41
97.64
97.62
97.70
97.48
97.42
97.24
97.32
97.39
97.64
97.53
97.53
97.56
97.60
97.57
97.56
97.35
97.57
97.57
97.60
97.40
97.44
97.53
97.65
97.55
97.47
97.49
97.58
97.49
97.51
97.57
97.58
97.50
97.56
97.65
97.54
97.58
97.69
97.48
97.60
97.57
97.61
97.49
97.49
97.61
97.53
97.72
97.60
97.54
97.38
97.49
97.34
97.41
97.71
97.53
97.50
97.54
97.44
97.57
97.59
97.73
97.58
97.58
97.50
97.53
97.50
97.50
97.64
97.57
97.51
97.57
97.60
97.54
97.47
97.65
97.51
97.42
97.51
97.51
97.60
97.62
97.54
97.47
97.43
97.75
97.62
97.67
97.55
97.57
97.61
97.57
97.61
97.53
97.47
97.60
97.67
97.51
97.58
97.52
97.56
97.66
97.64
97.49
97.78
97.61
97.58
97.66
97.62
97.60
