1.03
2.72
4.63
6.59
8.23
9.30
10.52
11.78
13.80
14.54
15.38
17.06
18.14
19.01
20.15
21.10
21.88
22.33
23.12
23.65
24.48
24.90
25.15
25.77
27.39
27.67
28.34
20.87
28.28
28.86
29.36
30.09
29.98
29.49
30.41
30.52
30.77
30.92
31.46
13.80
31.43
31.52
31.55
31.18
31.18
31.52
31.51
31.62
31.80
31.76
32.02
32.08
32.13
32.38
32.25
32.70
32.73
32.90
32.94
32.86
32.96
32.91
33.05
33.18
33.13
33.00
33.32
33.34
33.47
33.73
33.69
33.59
33.75
33.98
34.13
34.22
34.00
34.41
34.59
34.86
34.67
35.16
35.20
35.28
35.08
35.25
35.46
35.68
35.49
35.74
35.94
36.14
36.40
36.29
36.64
36.34
36.49
36.61
36.38
36.66
36.81
36.43
36.57
37.05
36.89
37.19
37.13
37.47
37.55
37.69
37.75
37.93
38.24
38.17
38.45
38.27
38.47
38.76
38.96
38.57
39.19
38.83
39.01
39.04
39.31
39.32
39.31
39.43
39.13
39.65
39.73
39.98
40.07
39.83
40.21
40.35
40.15
40.06
39.84
40.49
40.31
40.35
40.56
40.18
40.92
40.90
40.85
40.97
40.42
40.64
40.77
40.30
40.64
40.97
40.55
40.51
41.18
41.16
41.36
41.67
41.67
41.50
41.65
41.74
41.88
42.28
42.30
42.27
42.25
42.16
42.25
42.31
42.44
42.64
42.79
42.50
42.77
42.83
42.65
43.22
42.91
42.56
42.90
42.65
43.21
42.88
42.88
42.98
42.98
43.07
43.36
43.11
43.34
43.59
43.48
43.58
43.82
43.79
7.99
7.66
7.43
9.19
8.02
7.19
7.38
7.57
9.10
7.21
8.75
8.76
8.74
7.94
8.52
8.73
8.35
7.56
8.17
8.08
8.70
8.27
8.15
8.39
8.80
7.96
9.58
8.57
8.27
9.38
9.48
10.18
8.58
7.56
7.92
8.25
8.53
9.13
8.28
7.99
7.61
7.77
9.33
6.83
8.93
7.95
7.99
7.91
7.18
8.84
8.52
8.42
7.94
7.05
7.45
8.35
9.32
9.18
8.07
8.52
8.02
9.35
9.03
7.83
7.00
8.17
8.55
8.54
8.28
8.54
8.54
7.72
8.09
8.59
8.38
8.62
9.37
9.41
8.30
8.08
8.12
8.21
7.85
8.45
6.87
9.41
9.09
8.12
7.60
8.67
8.99
7.54
8.63
8.96
8.04
9.30
8.62
8.95
7.35
9.66
8.03
8.07
8.68
8.46
9.57
8.50
8.30
8.33
8.29
8.20
8.16
8.87
7.87
7.83
9.70
8.89
8.63
7.74
8.61
8.06
8.32
7.24
8.05
8.22
7.95
8.35
8.30
9.11
7.52
9.49
7.58
7.91
9.38
7.72
8.03
8.23
8.43
7.77
8.11
8.70
8.64
8.62
8.79
8.48
7.42
8.13
7.53
8.81
7.49
9.02
7.98
8.61
8.33
8.35
7.88
8.60
7.66
7.92
7.21
8.84
9.41
9.02
9.05
8.54
8.10
8.60
7.27
8.08
8.77
7.70
8.98
7.77
8.44
7.71
7.95
8.01
9.23
8.54
7.27
9.14
8.42
8.50
7.74
8.02
8.81
8.33
7.87
8.45
7.10
8.73
7.71
7.27
7.91
9.45
8.01
9.54
7.28
7.96
7.41
7.35
8.00
8.61
