0.74
1.68
1.90
2.72
4.69
5.69
6.26
7.64
7.41
6.97
7.95
7.21
9.05
8.86
8.42
9.90
9.84
8.34
10.71
10.67
10.14
11.06
10.65
11.36
11.48
12.20
12.65
12.50
13.25
14.71
15.55
15.59
15.91
17.51
18.24
18.63
16.88
17.85
18.79
18.72
18.88
18.90
18.84
19.12
19.77
17.57
19.23
18.16
19.51
19.89
19.16
20.03
20.50
19.13
19.75
18.85
20.31
20.56
20.69
20.58
21.79
21.96
21.41
21.87
22.15
22.56
22.80
22.43
23.01
23.07
22.58
23.25
22.93
23.62
23.21
23.71
23.30
24.79
25.38
26.01
25.67
26.05
23.88
24.81
26.59
26.61
26.35
26.21
21.63
25.45
27.30
26.97
27.97
28.42
28.20
28.70
26.87
28.64
29.17
28.90
29.20
29.31
27.45
27.77
29.53
29.37
28.35
29.55
29.47
29.75
30.11
29.19
25.68
26.52
29.97
30.50
24.40
30.51
30.30
27.03
27.10
30.50
27.41
29.23
30.07
30.62
30.15
24.34
29.12
24.87
30.82
31.15
30.49
30.78
17.51
30.75
22.31
30.23
25.46
31.18
25.47
28.91
31.22
30.92
30.47
26.44
23.53
30.56
30.94
30.83
24.60
29.77
31.27
28.46
23.17
30.43
28.68
30.08
30.02
25.78
19.73
31.22
31.03
28.66
23.00
18.70
31.22
29.02
25.84
30.68
24.93
31.17
21.95
31.20
31.01
31.63
24.84
23.07
31.70
31.00
31.00
32.07
31.80
31.84
31.81
32.05
31.96
29.89
28.10
26.04
31.75
32.06
29.20
30.63
30.99
20.68
32.05
25.10
28.03
28.30
32.21
26.18
32.60
26.88
30.76
29.98
32.21
25.94
31.43
32.78
32.47
32.91
32.02
32.23
26.49
27.85
33.65
33.60
28.33
32.06
25.79
31.34
31.62
29.61
27.95
32.55
33.86
33.33
28.33
26.24
32.87
33.11
33.11
34.17
27.32
27.75
32.90
34.34
32.88
28.12
28.48
32.27
27.29
33.81
31.68
32.47
34.68
34.83
35.26
32.61
32.14
33.68
35.13
34.28
34.31
34.71
31.60
35.08
24.55
35.16
25.38
34.79
34.45
34.57
34.34
30.40
31.14
34.45
35.07
34.37
27.62
22.93
34.59
35.17
35.12
35.05
32.14
32.24
35.18
30.58
34.52
33.63
24.36
24.34
34.61
28.95
20.54
28.14
35.49
33.01
34.96
34.96
26.69
32.61
33.74
34.16
35.10
35.07
30.89
34.62
29.72
27.72
35.64
32.01
31.10
33.15
21.54
33.00
35.27
31.67
33.92
27.98
35.83
22.26
34.10
35.78
34.01
20.28
28.57
35.23
36.52
26.16
35.31
35.43
32.28
32.70
33.24
35.07
34.98
22.71
34.29
29.70
36.43
36.98
36.03
33.07
36.98
30.00
29.99
18.37
29.46
33.78
32.85
35.14
36.54
36.19
36.63
31.59
36.95
34.86
35.63
37.09
15.63
35.90
28.81
35.45
34.50
37.10
31.72
34.30
36.68
36.33
31.94
37.15
35.88
29.89
35.45
33.14
37.31
32.70
36.09
30.43
34.33
36.08
37.09
36.01
24.53
32.39
37.56
37.20
37.13
34.68
37.29
37.56
37.91
37.77
37.58
37.82
36.37
35.46
37.66
29.33
34.55
36.96
30.46
37.73
38.14
38.44
36.47
36.47
