1.07
2.38
3.90
5.00
6.30
7.87
9.09
10.01
11.17
13.02
13.47
14.02
15.45
17.06
18.21
19.15
19.59
20.80
21.77
22.34
22.03
22.62
23.32
24.51
24.97
25.06
25.23
25.76
26.20
26.78
27.47
28.45
29.35
30.41
31.00
31.72
32.21
32.10
32.39
32.45
32.97
33.55
34.71
35.38
36.33
36.86
36.45
37.02
37.40
37.35
37.19
37.44
37.24
37.74
37.92
37.95
38.39
38.85
38.97
39.33
39.23
39.75
40.14
40.33
40.45
40.91
41.13
40.59
41.12
40.38
41.35
41.30
41.54
41.39
41.09
41.87
42.10
42.72
43.14
43.33
43.99
44.33
44.77
43.96
44.29
43.53
45.03
45.08
44.69
43.92
45.27
45.31
44.27
45.21
45.75
44.32
45.25
45.98
45.41
45.33
45.56
45.45
45.99
45.90
46.44
46.30
46.45
47.17
47.46
47.45
47.91
48.05
47.65
48.34
47.79
47.40
47.66
49.21
49.32
48.33
49.32
49.15
49.75
49.52
49.75
49.64
49.24
50.59
50.49
50.55
50.07
49.46
50.55
50.40
49.18
49.67
50.44
50.62
50.68
50.86
50.04
50.41
50.79
50.73
49.39
50.61
50.59
51.15
51.18
51.31
50.94
51.90
50.92
52.14
50.93
52.02
52.36
52.40
52.75
52.58
52.65
52.98
53.22
53.94
52.86
54.03
54.51
54.07
54.54
53.75
54.95
55.64
54.53
55.30
55.40
55.79
55.25
55.69
56.33
56.25
56.56
56.56
56.55
56.53
56.71
56.46
56.40
56.61
56.76
54.68
56.61
56.04
56.64
55.68
57.21
57.13
56.45
56.52
56.51
56.68
55.84
56.66
56.81
57.16
56.95
57.20
57.22
56.77
57.02
57.33
57.00
56.45
57.13
56.23
56.29
56.88
57.87
56.65
57.98
57.66
57.56
57.08
57.35
57.64
57.18
57.43
57.85
58.43
57.95
57.55
57.44
57.32
57.28
56.94
55.55
58.18
53.92
57.32
56.91
58.01
56.92
57.64
58.05
57.21
58.17
57.81
56.89
57.41
56.85
56.53
57.54
57.68
57.83
57.92
56.37
57.44
57.67
58.05
57.11
57.64
55.87
57.94
58.05
57.30
55.47
56.90
57.66
58.67
58.12
58.51
58.53
58.72
58.57
58.75
59.01
58.82
58.51
57.57
59.12
58.87
58.34
57.99
59.08
59.65
60.00
60.26
60.24
60.45
60.08
60.57
60.46
60.91
59.67
59.94
60.90
60.78
60.66
60.95
60.65
60.45
60.45
60.45
60.96
60.76
61.71
61.00
61.45
61.48
60.95
61.84
61.83
61.42
61.32
61.51
61.53
61.94
59.75
61.20
61.39
59.88
61.44
60.29
60.88
61.71
61.49
61.18
61.66
62.01
60.09
62.45
62.40
62.25
62.81
62.78
61.91
63.15
62.12
62.45
63.25
63.27
62.49
62.90
62.33
63.39
63.17
62.99
62.52
63.05
63.25
62.70
63.02
63.31
63.53
64.36
63.83
63.14
63.92
63.91
63.94
63.12
63.93
63.55
64.02
63.43
63.41
63.83
63.96
63.88
63.87
63.97
63.99
63.39
64.23
64.10
63.46
63.73
64.25
63.43
63.63
63.93
64.02
63.03
63.80
63.13
63.80
63.58
63.75
64.20
64.12
64.15
63.85
63.95
64.01
64.43
64.38
64.23
64.25
64.77
64.97
65.32
