1.07
2.65
4.63
6.68
8.50
10.53
12.48
14.15
16.03
17.89
19.72
21.67
23.37
25.13
26.78
28.56
30.38
32.08
33.59
35.11
36.38
37.64
39.03
40.52
41.34
42.50
44.07
45.54
45.84
47.85
49.78
50.02
52.03
53.75
54.24
56.20
57.57
57.45
57.49
57.99
60.08
60.60
62.10
62.99
63.95
65.19
65.95
66.38
67.13
67.95
69.94
69.96
70.66
70.57
70.66
72.48
71.62
72.37
73.14
72.10
73.49
73.43
73.93
75.25
74.88
75.84
76.02
75.86
75.21
76.08
77.50
77.54
77.29
77.96
77.88
79.22
78.52
78.15
79.54
80.11
79.88
79.55
80.28
81.11
81.68
81.72
82.22
83.04
83.74
83.93
84.08
84.66
84.29
84.59
84.87
84.99
84.81
84.87
85.23
85.66
86.31
86.24
86.80
86.32
86.72
86.52
86.58
86.48
86.66
86.84
86.53
87.72
87.54
87.75
87.71
87.72
87.93
88.64
88.95
88.84
88.74
89.00
88.69
88.70
89.17
89.13
89.59
89.85
89.75
89.04
89.77
89.48
89.97
89.62
90.32
90.24
90.76
90.39
90.87
90.52
91.06
91.03
91.06
91.06
90.89
91.27
91.30
91.26
90.89
91.45
90.78
91.36
90.76
90.76
91.66
91.71
91.65
91.86
91.81
91.75
91.83
92.13
92.05
92.28
91.65
92.31
92.00
92.07
92.39
92.26
92.27
92.43
92.53
92.54
92.44
93.09
93.06
92.91
93.34
93.09
93.31
93.09
93.09
93.33
93.67
93.60
93.73
93.27
93.54
93.43
93.67
93.97
93.55
93.78
93.74
93.54
93.80
93.86
93.75
93.26
93.87
93.49
93.48
93.59
93.80
93.78
93.97
93.72
94.18
94.36
94.12
94.22
94.19
93.93
94.32
94.24
94.06
94.17
94.13
94.52
94.21
94.14
94.46
94.45
94.37
94.21
94.54
94.66
94.35
94.46
94.68
94.59
94.58
94.46
94.60
94.67
94.45
94.75
94.80
94.72
94.86
94.51
94.80
94.70
94.69
94.54
94.54
94.52
94.70
94.65
94.52
94.50
94.38
94.60
94.75
94.88
94.97
94.94
94.64
94.84
94.63
94.79
94.53
95.01
95.03
95.01
94.83
95.23
94.87
95.13
95.17
95.03
95.10
95.08
95.05
95.16
94.93
95.19
94.82
95.17
94.89
94.74
95.04
94.81
95.08
94.97
94.80
95.03
95.05
95.13
95.02
95.29
95.23
95.18
95.23
95.36
94.67
94.87
95.14
95.13
94.89
95.19
95.02
95.24
95.18
95.32
95.25
95.34
95.19
95.26
95.26
94.99
95.08
95.04
95.21
95.15
95.14
94.86
95.39
95.27
95.20
95.29
95.18
95.24
95.18
95.16
95.15
95.36
95.33
95.32
95.36
95.19
95.22
95.21
95.14
95.15
94.96
95.18
95.09
95.27
95.10
95.31
95.00
95.12
95.25
95.31
95.48
95.27
95.22
95.26
95.23
95.55
95.50
95.64
95.63
95.64
95.59
95.69
95.71
95.64
95.69
95.32
95.29
95.78
95.81
95.86
96.01
95.88
95.75
95.99
96.10
95.88
95.91
95.82
95.96
95.99
95.91
96.00
96.07
95.96
96.02
96.09
96.29
96.31
95.94
96.01
96.17
96.05
95.96
96.02
96.15
95.96
95.99
95.82
96.22
95.85
96.11
96.07
96.12
95.93
