0.14
0.29
0.48
0.86
1.33
1.73
2.14
2.73
3.29
3.76
4.30
4.79
5.17
5.74
5.94
5.86
5.91
6.40
6.90
7.24
7.45
7.88
8.24
8.28
9.35
9.88
10.27
11.05
11.37
11.00
11.46
11.14
11.86
11.99
11.95
11.84
11.86
12.60
12.76
13.38
13.79
13.75
14.15
13.81
14.34
14.51
14.75
15.18
14.82
15.19
15.18
14.59
15.21
15.45
15.29
15.76
15.40
15.45
15.57
15.74
16.24
16.40
14.93
15.68
16.01
13.39
15.86
15.23
15.62
15.89
16.62
16.27
14.22
16.38
16.12
16.50
16.84
16.32
16.78
16.52
16.60
16.60
16.90
17.76
17.42
17.72
17.47
17.14
17.55
18.06
17.30
17.68
17.96
18.65
18.81
18.72
18.50
18.08
18.83
18.77
18.76
19.42
18.59
19.29
19.04
19.90
19.28
18.61
18.98
19.92
20.11
20.02
19.99
20.41
19.99
20.39
21.36
20.65
21.02
21.03
20.99
20.63
21.78
20.90
21.59
21.47
21.76
22.49
21.29
22.20
22.08
22.09
22.12
22.32
23.14
22.44
22.34
22.62
23.37
22.88
23.88
23.77
23.58
24.01
23.73
23.83
23.05
23.75
24.20
23.20
23.68
23.16
23.07
23.32
22.95
24.50
24.04
24.49
24.01
23.58
23.75
23.59
23.98
23.57
24.60
24.81
24.02
24.06
25.35
23.47
23.90
25.30
24.26
25.63
24.70
24.69
25.38
24.98
24.99
24.71
25.03
24.97
24.54
25.78
24.76
26.58
26.71
24.96
25.99
26.11
26.33
26.31
27.05
26.16
26.24
26.29
27.21
26.73
26.35
26.26
25.77
25.78
26.90
26.76
27.29
27.83
27.57
26.84
28.18
27.76
28.33
29.16
29.28
28.73
28.46
29.61
28.59
30.23
30.85
29.03
28.69
29.93
30.86
30.25
31.46
30.96
31.97
30.22
30.38
30.89
31.72
30.96
31.36
31.17
32.08
30.68
29.27
31.18
30.04
30.83
30.87
30.18
30.41
31.08
30.86
30.60
29.58
30.59
30.74
30.72
31.45
30.67
31.45
31.60
32.41
31.07
32.93
32.18
32.08
32.38
32.44
31.29
31.34
33.02
31.94
31.88
30.87
32.25
32.24
31.86
30.61
32.17
31.86
31.62
33.66
33.37
33.91
32.77
33.74
32.46
32.70
32.31
33.32
33.35
32.21
32.24
32.85
32.02
32.52
33.06
33.61
32.52
32.31
34.85
35.18
34.58
33.06
33.05
34.37
33.93
33.25
34.28
34.01
33.69
35.19
32.90
33.33
32.64
34.61
33.32
33.08
35.59
34.75
36.06
35.98
34.98
35.07
35.51
35.95
34.61
34.65
35.64
36.03
