0.14
0.23
0.34
0.44
0.54
0.59
0.87
0.95
1.28
1.43
1.88
1.98
2.25
2.62
2.92
3.13
3.64
4.00
4.72
4.73
5.38
5.75
5.91
6.25
6.20
6.53
6.71
6.86
6.90
7.10
7.20
7.29
7.22
7.40
7.72
8.28
8.59
8.50
8.61
9.14
9.55
9.84
9.60
9.47
9.77
9.92
9.62
9.95
10.53
10.32
9.96
10.71
10.81
11.07
11.27
11.90
12.21
12.65
12.68
12.28
12.32
13.11
13.20
12.99
12.89
13.27
13.27
13.92
13.97
14.00
14.35
14.29
14.79
14.75
14.86
14.88
15.43
15.66
15.98
15.64
15.73
15.84
15.68
15.41
15.86
16.02
16.26
16.24
15.94
16.43
16.48
15.93
16.73
16.27
16.61
16.33
16.34
16.46
16.19
16.71
16.64
16.35
16.85
16.42
16.94
17.18
17.29
17.23
17.54
17.75
18.07
18.00
18.21
17.81
18.52
18.32
18.66
18.72
18.11
18.47
19.36
19.34
19.26
19.61
19.51
19.80
19.63
19.59
19.69
19.55
20.39
20.29
20.12
20.36
20.17
20.67
20.95
20.77
20.75
21.21
20.90
21.40
20.44
21.31
21.62
21.56
21.42
21.86
22.23
21.79
21.96
21.83
21.85
22.13
21.92
22.38
22.63
23.21
23.10
23.28
24.25
23.25
23.78
24.71
24.27
25.47
25.12
23.93
23.85
25.14
25.05
24.39
24.97
24.13
25.07
24.65
24.66
25.32
25.66
24.97
24.81
25.17
24.94
25.45
25.11
24.85
