0.30
0.64
1.27
2.07
3.06
4.02
4.81
6.03
7.13
8.32
9.45
10.54
11.20
11.81
11.43
12.23
12.68
13.87
14.75
15.90
17.29
15.89
18.10
19.35
20.24
21.70
23.47
24.18
25.12
25.02
24.71
24.90
24.20
24.40
25.73
25.14
26.28
25.60
25.77
26.23
25.59
26.05
26.11
26.05
25.77
26.68
27.19
27.67
28.92
29.39
30.69
31.17
32.55
31.81
32.97
34.51
34.78
36.90
34.98
36.25
36.77
37.34
38.12
38.93
37.46
36.64
36.89
37.69
37.49
36.01
36.57
39.39
38.77
40.71
39.20
40.76
40.31
41.12
40.36
40.38
40.35
42.46
39.32
41.69
39.68
42.37
40.82
39.15
40.48
39.48
40.31
40.01
42.43
41.29
39.66
41.78
39.49
42.19
40.15
39.97
41.53
40.55
41.20
41.37
42.01
41.37
40.33
42.88
40.32
42.71
42.74
43.44
42.67
41.69
39.90
41.69
39.97
42.34
39.41
40.02
40.52
41.26
40.84
43.22
42.07
42.80
42.59
42.34
41.95
41.63
43.06
42.53
42.75
39.85
42.36
41.56
42.94
42.01
42.48
41.29
41.82
40.60
40.92
42.06
