0.57
1.57
3.95
6.96
15.27
20.72
31.32
40.57
50.89
57.37
64.75
69.92
74.66
81.55
83.93
82.70
86.47
87.54
88.82
91.54
92.44
92.88
92.16
93.43
94.12
94.21
94.09
94.84
95.19
95.17
95.60
95.92
95.67
95.72
95.78
95.75
95.65
95.96
95.81
95.84
96.05
96.07
96.34
96.48
96.19
96.31
96.21
96.24
96.42
96.31
96.32
96.33
96.27
96.05
96.44
96.68
96.88
97.36
96.65
97.14
96.91
96.95
97.31
97.35
97.32
97.31
97.16
97.43
97.32
97.32
97.26
97.61
97.49
97.57
97.24
97.23
97.60
97.62
97.35
97.80
97.56
97.71
97.81
97.82
97.68
97.77
97.61
97.82
97.48
97.56
97.99
97.89
97.95
98.08
98.00
97.97
97.97
97.84
97.93
97.97
97.80
98.05
98.04
97.83
97.89
98.00
98.05
97.80
98.02
97.99
98.02
98.09
97.98
98.19
98.24
97.97
98.07
97.99
97.96
97.98
98.33
98.18
98.22
98.26
98.20
98.13
98.25
98.23
97.99
98.33
98.42
98.40
98.33
98.55
98.50
98.44
98.49
98.69
98.54
98.48
98.49
98.34
98.46
98.33
98.39
98.47
98.32
98.48
98.35
98.42
98.47
98.36
98.45
98.42
98.35
98.46
98.50
98.51
98.51
98.49
98.56
98.61
98.41
98.54
98.43
98.38
98.53
98.57
98.56
98.50
98.40
98.58
98.59
98.66
98.49
98.45
98.39
98.62
98.46
98.47
98.59
98.61
98.55
98.38
98.46
98.69
98.53
98.45
98.58
98.68
98.74
98.60
98.62
98.51
98.69
98.73
98.75
98.73
98.65
98.80
98.66
98.74
98.78
98.71
98.74
98.71
98.85
98.78
98.62
98.78
98.86
98.74
98.90
98.84
98.77
98.95
98.74
98.88
98.93
98.88
98.78
98.85
98.82
98.86
98.85
98.79
98.84
98.84
98.98
98.86
98.83
98.84
98.95
98.84
98.79
98.90
98.89
98.83
98.83
98.86
98.84
98.96
98.87
98.82
98.86
98.80
98.82
98.92
98.84
98.85
98.81
98.99
98.92
98.85
99.04
98.85
98.85
98.83
98.81
98.84
98.81
98.77
98.93
98.97
98.85
98.85
98.74
98.86
98.89
98.86
98.89
98.82
98.96
98.98
98.94
98.99
98.90
98.89
98.90
98.94
98.93
98.85
98.77
98.87
98.94
98.89
98.82
98.76
98.92
98.86
98.85
98.84
98.97
99.03
98.84
98.92
99.01
98.87
98.94
98.85
98.89
98.98
99.09
98.96
98.97
99.12
98.97
99.09
99.04
99.02
99.06
99.05
99.09
99.00
98.95
98.98
99.05
99.05
98.99
99.11
99.07
99.10
98.99
99.09
99.04
98.93
99.12
99.08
98.87
99.05
99.12
99.09
99.03
99.12
99.09
99.13
99.08
99.18
99.24
99.22
99.17
99.23
99.19
99.22
99.16
99.17
99.15
99.10
99.22
99.25
99.23
99.29
99.10
99.15
99.10
99.17
99.12
99.09
99.17
99.09
99.18
99.21
99.20
99.13
99.12
99.15
99.16
99.19
99.21
99.11
99.10
99.15
99.16
99.12
99.05
99.18
99.04
99.20
99.20
99.23
99.23
99.20
99.05
99.22
99.20
99.22
99.29
99.17
99.23
99.25
99.27
99.22
99.20
99.25
99.18
99.11
99.14
99.15
99.16
99.24
