1.34
5.83
15.59
32.77
55.50
73.86
87.37
93.15
97.03
99.19
99.68
99.28
99.37
97.62
98.47
99.53
99.43
98.71
99.56
99.17
99.80
95.52
98.65
98.91
99.51
99.45
97.71
99.48
99.50
97.27
99.42
99.80
99.60
99.80
99.16
99.28
99.30
99.05
99.40
99.71
98.73
99.24
99.55
98.68
99.03
99.36
99.21
99.69
99.77
99.50
99.35
99.78
99.22
99.50
99.28
99.55
99.61
99.63
99.67
99.80
99.50
99.29
99.66
98.98
99.28
99.78
99.64
99.64
99.64
99.37
99.58
99.21
99.60
99.54
99.73
99.18
99.70
98.93
99.41
99.60
99.58
99.54
99.66
99.43
99.43
99.70
99.58
99.79
99.50
99.36
99.57
99.67
99.50
99.65
99.78
99.75
99.59
99.42
99.53
99.65
99.61
99.73
99.52
99.46
99.56
99.75
99.72
99.54
99.75
99.84
99.23
99.11
99.64
99.33
99.43
99.33
98.83
99.15
99.49
99.28
99.07
99.33
98.95
99.32
99.51
99.42
99.60
99.46
99.36
99.54
99.63
99.57
99.32
99.71
99.62
99.57
99.57
99.52
99.78
99.76
99.67
99.19
99.31
99.70
99.23
99.50
99.73
99.55
99.26
99.66
99.73
99.24
99.22
99.38
99.62
99.53
99.75
99.62
99.74
99.42
99.79
99.68
99.51
99.73
99.65
99.63
99.72
99.72
99.52
99.06
99.69
99.37
99.66
99.75
99.72
99.51
99.65
99.53
99.56
99.78
99.68
99.78
99.64
99.68
99.84
99.68
99.58
99.61
99.47
99.72
99.53
99.65
99.48
99.77
99.19
99.38
99.80
99.55
99.81
99.82
99.66
99.66
99.80
99.68
99.70
99.63
99.50
99.64
99.81
99.76
99.68
99.56
99.72
99.42
99.66
99.52
99.75
99.64
99.67
99.60
99.77
99.50
99.77
99.72
99.67
99.83
99.72
99.74
99.72
99.81
99.51
99.68
99.81
99.77
99.73
99.60
99.49
99.48
99.73
99.73
99.79
99.76
99.84
99.28
99.41
99.33
99.32
99.31
99.51
99.49
99.31
99.28
99.43
99.40
99.33
99.60
98.79
99.18
99.53
99.35
99.54
99.30
99.60
99.54
99.66
99.67
99.44
99.53
99.62
99.47
99.43
99.38
99.06
99.57
99.69
99.54
99.36
99.52
99.43
99.54
99.67
99.62
99.56
99.62
99.49
99.40
99.54
99.60
99.58
99.63
99.68
99.61
99.23
99.25
99.52
99.35
99.67
99.67
99.42
99.71
99.47
99.56
99.58
99.56
99.52
99.50
99.51
99.35
99.53
99.62
99.44
99.55
99.21
99.61
99.38
99.44
99.75
99.71
99.67
99.64
99.62
99.21
99.47
99.75
99.51
99.47
99.62
99.55
99.66
99.44
99.42
99.53
99.48
99.59
99.80
99.57
99.40
99.42
99.49
99.63
99.62
99.40
99.62
99.56
99.73
99.60
99.52
99.48
99.69
99.46
99.12
99.61
99.61
99.03
99.69
99.38
99.60
99.44
99.56
99.77
99.58
99.72
99.61
99.57
99.47
99.74
99.61
99.64
99.53
99.36
99.56
99.69
99.57
99.71
99.41
99.61
99.63
99.52
99.67
99.57
99.82
99.48
99.77
99.54
99.70
99.54
99.65
99.46
99.47
99.52
99.32
99.63
99.49
99.60
99.55
99.61
99.69
99.67
99.72
99.68
