0.13
0.28
0.49
0.93
1.90
2.40
3.49
6.20
7.88
10.66
13.15
10.93
15.61
19.06
22.72
24.94
25.28
27.98
32.02
32.44
31.43
35.51
33.36
38.36
43.78
42.78
53.33
53.97
45.79
53.07
52.38
51.20
55.03
57.22
46.94
55.77
50.46
53.17
52.79
58.68
58.46
54.56
57.80
57.49
57.11
51.68
52.44
58.83
60.71
65.54
52.86
62.61
57.61
63.74
58.15
61.72
63.02
57.66
64.92
63.65
65.94
53.56
55.93
50.88
52.98
50.75
52.92
50.36
53.05
53.18
55.61
55.38
52.21
54.04
50.75
51.88
52.18
48.72
57.34
52.05
52.04
54.55
50.45
54.00
50.63
51.36
52.87
55.11
55.72
53.86
52.75
52.55
52.06
54.42
53.41
54.18
49.43
52.80
56.23
55.44
54.42
51.95
55.63
54.69
54.80
52.64
53.28
55.18
56.61
51.02
54.17
54.48
53.76
53.06
52.21
54.70
