0.23
0.40
0.58
0.80
1.24
1.70
2.31
3.12
3.88
4.91
6.20
6.92
8.04
10.06
10.70
11.12
14.29
16.62
16.42
18.74
17.36
18.56
21.47
22.69
21.19
22.40
21.46
22.79
23.45
24.48
28.24
28.54
29.32
29.41
30.13
29.70
29.00
30.94
30.25
31.54
31.47
30.30
31.13
32.09
32.43
31.07
31.73
32.27
31.44
31.75
32.33
32.87
34.54
33.63
33.17
33.35
33.39
33.51
33.57
33.27
33.87
34.00
34.04
35.77
34.89
36.66
35.30
34.42
35.52
35.75
34.57
34.94
34.70
35.39
34.16
35.01
35.28
35.58
33.67
34.64
35.55
34.65
35.95
34.53
36.80
36.83
35.80
37.19
36.92
36.05
35.50
37.41
37.36
38.17
36.78
36.98
36.55
35.31
36.45
35.96
36.81
35.94
37.14
36.95
36.58
37.32
36.82
36.83
36.13
37.84
36.83
36.65
36.15
37.18
36.10
37.52
36.27
36.34
36.99
35.62
36.39
36.53
36.86
36.33
36.70
37.33
36.74
37.06
36.96
36.48
36.73
37.37
38.81
38.61
39.01
37.93
37.88
37.91
38.27
38.45
37.79
39.16
39.83
39.44
39.89
37.87
38.52
39.06
38.35
39.07
38.94
38.81
38.75
38.64
38.43
38.79
39.01
39.88
39.19
37.91
39.38
40.13
40.86
40.48
40.68
40.43
40.96
40.41
41.13
40.17
41.96
41.86
40.96
41.60
40.52
40.91
40.67
41.29
40.94
42.04
42.87
44.23
44.03
42.15
42.45
44.43
44.58
42.57
42.09
41.30
41.99
42.08
42.37
42.36
41.60
42.42
42.32
42.49
42.42
42.58
41.53
43.16
42.08
42.49
41.87
42.03
42.12
41.53
42.67
42.72
42.07
43.15
42.01
42.11
42.69
42.21
41.21
42.57
42.64
42.57
42.56
42.68
42.71
42.85
41.56
42.57
42.67
42.88
42.31
42.51
42.52
42.20
41.82
41.87
43.21
42.93
42.71
42.36
42.02
43.40
42.23
41.29
42.94
42.22
42.55
42.79
42.93
42.97
42.20
41.94
42.88
42.88
42.85
42.97
41.97
42.36
42.66
43.31
42.25
42.42
43.23
41.71
41.93
43.00
42.85
42.74
43.78
41.86
43.10
43.25
