0.27
0.53
1.00
2.07
3.74
5.77
8.92
14.05
19.47
22.85
31.97
35.60
41.95
51.25
55.01
58.15
58.31
61.35
61.36
65.37
67.75
69.42
69.54
69.93
67.29
68.44
69.20
69.44
68.87
72.54
70.41
70.38
71.25
69.66
72.18
67.18
70.51
72.20
72.56
69.02
72.92
70.91
74.14
73.65
70.99
70.23
70.80
72.27
73.69
73.17
72.40
70.05
68.38
74.73
75.00
71.48
70.49
72.83
75.21
73.58
70.92
72.67
75.12
73.94
74.56
72.65
74.99
73.24
70.96
75.01
74.45
73.35
73.66
75.37
73.71
75.46
75.16
75.99
75.43
76.04
73.27
73.73
74.50
76.78
76.59
76.02
76.52
75.32
75.08
76.15
77.14
73.40
74.92
74.59
76.83
76.57
74.26
76.76
77.08
78.01
75.81
77.27
77.76
75.78
78.21
77.30
76.73
77.98
78.21
73.40
74.89
73.77
74.69
72.99
73.98
76.53
76.10
73.12
74.22
74.64
71.54
76.52
74.68
75.00
74.70
73.56
74.02
75.92
73.64
76.26
79.05
74.78
76.93
72.83
72.06
77.10
77.70
76.65
77.85
74.67
75.26
73.43
73.61
74.74
74.65
77.97
78.22
77.03
76.89
76.96
75.33
77.71
77.72
77.93
78.67
75.45
79.09
73.22
75.70
76.86
76.34
72.60
76.23
75.67
76.89
74.67
74.03
76.89
73.56
78.52
73.57
